"","X0","X1","X2","X3","X4","X5","X6","X7","X8","X9","X10","X11","X12","X13","X14","X15","X16","X17","X18","X19","X20","X21","X22","X23","X24","X25","X26","X27","X28","X29","X30","X31","X32","X33","X34","X35","X36","X37","X38","X39","X40","X41","X42","X43","X44","X45","X46","X47","X48","X49","X50","X51","X52","X53","X54","X55","X56","X57","X58","X59","X60","X61","X62","X63","X64","X65","X66","X67","X68","X69","X70","X71","X72","X73","X74","X75","X76","X77","X78","X79","X80"
"2020CONT.1",0.17,0.22,0.63,0.785,1.065,1.38,1.39,1.39,1.39,1.285,1.285,1.31,1.29,1.29,1.29,1.02,0.955,0.965,0.98,1.03,0.975,0.9,0.865,0.89,0.825,0.85,0.865,0.66,0.8,0.785,0.785,0.79,0.72,0.67,0.67,0.76,0.76,0.81,0.785,0.7,0.7,0.595,0.425,0.425,0.335,0.375,0.39,0.365,0.34,0.515,0.515,0.49,0.415,0.375,0.36,0.39,0.48,0.475,0.5,0.505,0.62,0.655,0.605,0.555,0.555,0.555,0.58,0.52,0.49,0.5,0.53,0.58,0.63,0.67,0.86,0.89,0.9,0.89,0.89,0.905,0.965
"2020CONT.2",0.245,0.605,0.695,0.86,1.08,1.16,1.195,1.195,1.195,1.065,1.065,1.065,NA,1.105,0.84,0.84,0.84,NA,NA,NA,NA,NA,NA,NA,NA,NA,0.785,0.77,0.62,0.52,0.53,0.5,0.44,0.43,0.4,0.455,0.465,0.375,0.605,0.645,0.635,0.645,0.505,0.31,0.31,0.275,0.335,0.325,0.315,0.295,0.325,0.27,0.295,0.295,0.365,0.385,0.045,0.045,0.045,NA,NA,NA,NA,NA,NA,NA,NA,NA,NA,NA,NA,NA,0.04,0.04,0.03,0.03,0.045,0.09,0.105,0.145,0.195
"2020CONT.3",1.005,1.35,1.595,1.595,1.595,1.12,1.16,1.67,1.67,1.67,1.145,1.145,1.145,0.99,0.99,0.99,0.865,0.9,0.815,0.8,0.76,0.555,0.565,0.72,0.695,0.645,0.635,0.545,0.5,0.39,0.375,0.455,0.515,0.605,0.61,0.58,0.555,0.515,0.505,0.465,0.415,0.425,0.695,0.695,0.695,NA,NA,NA,NA,NA,NA,NA,NA,NA,NA,NA,NA,NA,NA,NA,NA,0.775,0.77,0.77,0.645,0.62,0.63,0.61,0.63,0.605,0.565,0.54,0.425,0.385,0.415,0.48,0.49,0.5,0.465,0.49,0.565
"2020CONT.4",1.095,1.095,1.175,1.235,1.225,1.265,1.31,1.3,1.35,1.365,1.285,1.245,1.2,1.13,1.11,1.03,0.94,0.99,0.995,1.02,1.04,1.095,1.08,1.07,1.065,0.99,0.89,0.53,0.63,0.645,0.695,0.84,0.955,0.955,0.775,0.67,0.59,0.53,0.545,0.53,0.52,0.455,0.49,0.49,0.49,NA,NA,NA,NA,NA,NA,0.44,0.425,0.5,0.735,0.735,0.745,0.735,0.725,0.725,0.725,0.745,0.68,0.565,0.565,0.53,0.48,0.52,0.52,0.53,0.505,0.45,0.365,0.39,0.375,0.315,0.21,0.08,0.08,0.09,0.07
"2020CONT.5",0.745,1.13,1.35,1.4,1.58,1.74,1.835,2.005,2.02,2.015,1.97,1.52,1.415,1.26,1.29,1.285,1.095,1.16,1.13,1.045,0.955,0.95,1.085,1.105,1.065,0.995,0.85,0.695,0.89,0.93,0.825,0.81,0.905,0.965,1.175,1.265,1.38,1.35,1.4,1.515,1.43,1.2,0.95,0.8,0.725,0.745,0.66,0.7,0.785,0.785,0.775,0.775,0.71,0.79,0.865,0.875,0.89,0.93,0.89,0.89,0.955,0.905,0.75,0.775,0.775,0.725,0.62,0.63,0.595,0.58,0.53,0.505,0.475,0.49,0.475,0.475,0.475,0.43,0.39,0.35,0.325
"2020CONT.6",0.905,1.225,1.34,1.315,1.21,1.265,1.34,1.3,1.31,1.2,1.225,1.315,1.265,1.245,1.07,1.07,1.07,NA,NA,NA,NA,NA,NA,NA,NA,NA,NA,NA,NA,NA,NA,NA,NA,NA,1.265,1.275,1.2,1.005,1.005,0.22,0.22,0.22,NA,NA,NA,NA,NA,NA,NA,NA,NA,NA,NA,NA,NA,NA,NA,NA,NA,NA,NA,NA,NA,NA,NA,NA,NA,NA,NA,NA,NA,0.235,0.245,0.35,0.35,0.35,NA,NA,NA,NA,NA
"2020CONT.7",0.365,0.745,0.9,0.9,0.815,0.89,0.965,1.065,1.12,1.155,1.145,1.145,1.065,1.03,0.99,1.03,1.02,0.995,0.89,0.86,0.815,0.785,0.9,0.77,0.59,0.57,0.545,0.48,0.5,0.505,0.565,0.555,0.635,0.75,0.905,0.99,1.065,1.07,0.955,0.94,0.915,0.915,0.76,0.68,0.59,0.52,0.44,0.36,0.36,0.44,0.405,0.315,0.325,0.39,0.39,0.39,0.44,0.53,0.555,0.555,0.48,0.4,0.335,0.335,0.3,0.25,0.315,0.45,0.52,0.545,0.57,0.555,0.54,0.545,0.565,0.5,0.385,0.455,0.635,0.745,0.71
"2020CONT.8",1.005,1.195,1.235,1.245,1.21,1.085,0.955,1.02,1.185,1.425,1.4,1.4,1.315,1.13,1.095,0.86,0.86,0.86,0.815,0.71,0.63,0.645,0.67,0.68,0.63,0.63,0.58,0.57,0.545,0.61,0.7,0.76,0.865,0.915,1.16,1.105,0.875,0.775,0.7,0.7,0.54,0.45,0.4,0.35,0.39,0.415,0.415,0.31,0.31,0.225,0.185,0.205,0.235,0.295,0.27,0.275,0.3,0.27,0.25,0.27,0.235,0.25,0.26,0.35,0.505,0.61,0.62,0.58,0.635,0.595,0.595,0.725,0.825,1.04,1.045,0.965,0.915,0.905,0.84,0.76,0.66
"2020CONT.9",0.995,1.055,1.285,1.315,1.465,1.685,1.65,1.725,1.63,1.48,1.29,1.275,1.235,1.225,1.175,1.03,0.98,0.86,0.71,0.72,0.555,0.68,0.775,0.8,0.84,0.905,0.98,1.04,1.045,1.065,0.93,0.76,0.76,0.68,0.695,0.72,0.66,0.695,0.71,0.66,0.53,0.43,0.43,0.385,0.325,0.335,0.295,0.295,0.335,0.4,0.35,0.295,0.315,0.35,0.3,0.285,0.275,0.295,0.365,0.44,0.465,0.48,0.48,0.475,0.475,0.465,0.5,0.49,0.43,0.415,0.505,0.61,0.61,0.49,0.415,0.39,0.375,0.325,0.3,0.295,0.385
"2020CONT.10",0.35,0.7,1.48,1.48,1.48,1.25,1.285,1.29,1.265,1.22,1.22,1.265,1.245,1.26,1.235,1.235,1.185,1.16,1.16,1.105,1.095,1.105,1.105,0.93,0.995,0.89,0.75,0.72,0.635,0.59,0.505,0.53,0.595,0.71,0.77,0.785,0.76,0.53,0.5,0.57,0.565,0.515,0.49,0.49,0.465,0.455,0.415,0.425,0.405,0.335,0.385,0.31,0.31,0.31,NA,NA,NA,NA,NA,NA,NA,0.5,0.52,0.475,0.405,0.375,0.465,0.53,0.66,0.7,0.72,0.735,0.7,0.595,0.54,0.54,0.5,0.555,0.605,0.565,0.545
"2020CONT.11",0.875,1.03,1.03,1.34,1.43,0.915,0.915,0.915,NA,NA,NA,NA,NA,NA,NA,NA,NA,NA,NA,1.005,1.16,1.16,0.79,0.79,0.98,0.99,0.93,0.86,0.86,0.79,0.72,0.655,0.66,0.815,0.815,0.915,0.775,0.7,0.62,0.62,0.695,0.645,0.645,0.605,0.53,0.455,0.475,0.475,0.425,0.39,0.36,0.36,0.39,0.49,0.5,0.44,0.425,0.4,0.39,0.405,0.425,0.52,0.645,0.655,0.635,0.67,0.62,0.555,0.515,0.5,0.475,0.465,0.475,0.455,0.43,0.405,0.405,0.405,0.4,0.36,0.36
"2020EXCL.1",0.375,0.375,0.35,0.365,0.365,0.365,NA,0.36,0.375,0.405,0.48,0.515,0.545,0.565,0.565,0.465,0.465,0.465,0.455,0.475,0.52,0.48,0.5,0.505,0.475,0.48,0.415,0.415,0.465,0.465,0.505,0.545,0.57,0.62,0.71,0.68,0.365,0.365,0.365,NA,NA,0.385,0.415,0.415,0.415,0.405,0.43,0.48,0.36,0.36,0.3,0.3,0.3,0.31,0.315,0.315,0.315,0.335,0.315,0.35,0.375,0.4,0.4,0.415,0.425,0.425,0.44,0.49,0.59,0.59,0.555,0.505,0.49,0.49,0.49,0.475,0.415,0.415,0.39,0.375,0.36
"2020EXCL.2",0.22,0.225,0.405,0.405,0.39,0.565,0.565,0.565,NA,0.61,0.66,0.67,0.76,0.72,0.71,0.655,0.63,0.67,0.67,0.63,0.645,0.67,0.67,0.655,0.695,0.695,0.67,0.59,0.62,0.59,0.555,0.52,0.475,0.475,0.455,0.48,0.465,0.455,0.43,0.405,0.48,0.565,0.555,0.505,0.515,0.5,0.475,0.43,0.505,0.505,0.505,0.5,0.5,0.5,0.475,0.34,0.325,0.3,0.31,0.325,0.34,0.385,0.385,0.375,0.4,0.49,0.49,0.5,0.5,0.48,0.53,0.53,0.555,0.59,0.67,0.72,0.745,0.745,0.725,0.71,0.785
"2020EXCL.3",0.53,0.53,0.655,0.68,0.68,0.595,0.63,0.635,0.645,0.735,0.735,0.735,0.745,0.745,0.61,0.61,0.61,NA,NA,NA,NA,NA,NA,0.58,0.52,0.52,0.52,0.465,0.455,0.455,0.425,0.405,0.405,0.335,0.385,0.45,0.505,0.515,0.515,0.545,0.53,0.49,0.43,0.375,0.39,0.375,0.39,0.425,0.325,0.325,0.67,0.67,0.67,NA,NA,NA,NA,NA,NA,0.66,0.5,0.5,0.59,0.59,0.59,NA,NA,NA,NA,NA,NA,NA,0.905,1.07,1.02,1.005,0.965,0.975,0.975,0.955,0.9
"2020EXCL.4",0.155,0.31,0.35,0.555,0.565,0.645,0.68,0.77,0.79,0.86,0.94,0.9,0.835,0.75,0.745,0.725,0.72,0.695,0.66,0.66,0.635,0.645,0.59,0.54,0.415,0.385,0.365,0.405,0.48,0.62,0.71,0.725,0.695,0.635,0.58,0.505,0.48,0.52,0.52,0.49,0.49,0.43,0.385,0.4,0.455,0.48,0.555,0.635,0.635,0.645,0.63,0.565,0.545,0.515,0.44,0.375,0.375,0.325,0.335,0.31,0.3,0.35,0.385,0.415,0.475,0.48,0.48,0.515,0.49,0.45,0.405,0.405,0.375,0.365,0.36,0.335,0.31,0.295,0.335,0.365,0.36
"2020EXCL.5",0.225,0.325,0.365,0.415,0.415,0.425,0.505,0.605,0.68,0.7,0.695,0.67,0.66,0.71,0.79,0.785,0.75,0.66,0.66,0.49,0.465,0.505,0.48,0.465,0.685,0.635,0.645,0.655,0.59,0.5,0.49,0.465,0.54,0.545,0.5,0.45,0.35,0.335,0.36,0.375,0.43,0.505,0.515,0.515,0.52,0.505,0.425,0.415,0.415,0.4,0.475,0.635,0.655,0.61,0.61,0.54,0.475,0.45,0.45,0.45,0.405,0.365,0.315,0.285,0.275,0.285,0.295,0.285,0.275,0.275,0.285,0.25,0.235,0.22,0.22,0.245,0.26,0.3,0.365,0.4,0.415
"2020EXCL.6",0.68,0.68,0.7,0.76,0.835,0.815,0.735,0.66,0.68,0.725,0.81,0.75,0.725,0.725,0.725,0.565,0.565,0.565,0.365,0.365,0.34,0.44,0.425,0.415,0.45,0.43,0.39,0.465,0.53,0.545,0.52,0.49,0.52,0.545,0.48,0.465,0.455,0.455,0.43,0.3,0.26,0.26,0.31,0.325,0.315,0.25,0.225,0.22,0.285,0.31,0.365,0.465,0.76,0.86,0.89,0.88,0.75,0.695,0.645,0.53,0.52,0.5,0.48,0.505,0.505,0.415,0.415,0.415,0.375,0.39,0.415,0.49,0.505,0.505,0.555,0.53,0.53,0.545,0.54,0.66,0.75
"2020EXCL.7",0.205,0.655,0.95,0.95,0.825,0.825,0.825,NA,0.48,0.545,0.775,0.775,0.76,0.76,0.81,0.81,0.81,0.815,0.57,0.57,0.57,0.7,0.7,0.7,0.745,0.745,0.71,0.68,0.61,0.57,0.555,0.54,0.505,0.48,0.53,0.57,0.58,0.59,0.595,0.58,0.475,0.5,0.52,0.54,0.49,0.49,0.49,NA,NA,NA,NA,NA,NA,NA,NA,NA,NA,NA,NA,0.44,0.44,0.565,0.59,0.655,0.63,0.62,0.58,0.545,0.565,0.57,0.605,0.62,0.605,0.605,0.595,0.595,0.595,NA,0.605,0.63,0.645
"2020EXCL.8",0.49,0.68,1.22,1.22,0.785,0.785,0.785,NA,NA,NA,NA,NA,NA,NA,0.8,0.76,0.75,0.68,0.565,0.565,0.565,NA,0.475,0.49,0.49,0.44,0.44,0.335,0.335,0.335,0.36,0.39,0.39,0.545,0.555,0.405,0.405,0.335,0.325,0.325,0.325,0.315,0.365,0.365,0.365,NA,0.385,0.605,0.745,0.785,0.785,0.59,0.43,0.365,0.365,0.36,0.335,0.335,0.34,0.36,0.34,0.34,0.325,0.315,0.285,0.285,0.295,0.31,0.315,0.31,0.3,0.315,0.3,0.295,0.285,0.275,0.375,0.385,0.36,0.31,0.3
"2020EXCL.9",0.35,0.35,0.48,0.545,0.58,0.58,0.58,0.635,0.815,0.865,0.86,0.81,0.745,0.735,0.695,0.76,0.815,0.8,0.685,0.645,0.63,0.62,0.555,0.515,0.5,0.48,0.52,0.5,0.475,0.475,0.43,0.59,0.605,0.555,0.555,0.465,0.48,0.465,0.405,0.335,0.325,0.315,0.385,0.39,0.365,0.35,0.31,0.31,0.3,0.3,0.325,0.35,0.44,0.475,0.475,0.48,0.425,0.465,0.48,0.48,0.44,0.405,0.475,0.725,0.695,0.635,0.645,0.72,0.71,0.62,0.605,0.58,0.59,0.62,0.62,0.655,0.63,0.61,0.655,0.68,0.61
"2020EXCL.10",0.44,0.505,0.545,0.545,0.52,0.505,0.58,0.595,0.58,0.555,0.68,0.685,0.725,0.695,0.71,0.645,0.59,0.58,0.53,0.59,0.595,0.58,0.58,0.515,0.45,0.4,0.4,0.39,0.375,0.375,0.35,0.315,0.315,0.365,0.59,0.63,0.635,0.565,0.48,0.48,0.43,0.36,0.36,0.39,0.4,0.49,0.5,0.44,0.455,0.53,0.595,0.425,0.425,0.425,NA,NA,NA,NA,NA,NA,NA,NA,NA,NA,NA,NA,NA,NA,NA,NA,NA,0.39,0.385,0.405,0.365,0.365,0.335,0.335,0.375,0.425,0.455
"2020EXCL.11",0,0.005,0.13,0.18,0.365,0.385,0.4,0.415,0.44,0.455,0.53,0.58,0.595,0.595,0.595,0.66,0.685,0.915,0.915,0.915,NA,0.745,0.745,0.745,0.545,0.555,0.545,0.54,0.545,0.515,0.515,0.475,0.49,0.71,0.68,0.68,0.655,0.52,0.52,0.44,0.49,0.49,0.49,NA,NA,NA,NA,NA,NA,0.21,0.21,0.21,NA,NA,NA,NA,NA,NA,NA,NA,NA,NA,NA,NA,NA,NA,0.235,0.285,0.415,0.415,0.415,0.36,0.36,0.36,0.35,0.61,0.53,0.53,0.54,0.54,0.54
"2020HILL.1",0,0,0,NA,NA,0.005,0.015,0.08,0.25,0.45,0.505,0.48,0.5,0.5,0.44,0.385,0.385,0.425,0.425,0.31,0.31,0.605,0.72,0.76,0.76,0.7,0.605,0.605,0.71,0.79,0.725,0.84,0.88,0.93,0.925,0.89,0.77,0.76,0.655,0.645,0.54,0.61,0.67,0.72,0.725,0.66,0.635,0.565,0.35,0.5,0.48,0.505,0.555,0.59,0.57,0.57,0.555,0.565,0.62,0.635,0.595,0.59,0.58,0.53,0.505,0.425,0.34,0.285,0.26,0.235,0.25,0.275,0.315,0.335,0.375,0.68,0.815,1.015,1.045,0.975,0.93
"2020HILL.2",0,0,0,NA,NA,NA,NA,NA,0.025,0.09,0.09,0.09,0.07,0.095,0.25,0.25,0.25,NA,0.245,0.245,0.245,NA,NA,NA,0.225,0.22,0.335,0.5,0.555,0.57,0.655,0.655,0.61,0.7,0.735,0.76,0.81,0.81,0.775,0.565,0.565,0.565,NA,NA,NA,NA,NA,NA,NA,NA,NA,NA,NA,NA,NA,0.49,0.455,0.4,0.365,0.375,0.385,0.375,0.315,0.405,0.515,0.725,0.59,0.59,0.59,NA,0.415,0.415,0.415,NA,NA,NA,NA,NA,NA,NA,NA
"2020HILL.3",0,0.005,0.005,0.065,0.09,0.105,0.07,0.07,0.03,0.015,0.065,0.07,0.07,0.08,0.08,0.095,0.17,0.17,0.135,0.105,0.105,0.285,0.31,0.31,0.31,NA,0.16,0.16,0.07,0.045,0.185,0.18,0.18,0.235,0.275,0.225,0.27,0.36,0.375,0.415,0.4,0.36,0.295,0.27,0.185,0.18,0.155,0.205,0.275,0.4,0.44,0.455,0.44,0.655,0.77,0.745,0.685,0.49,0.425,0.36,0.35,0.44,0.455,0.415,0.385,0.35,0.3,0.295,0.315,0.405,0.455,0.425,0.455,0.465,0.53,0.61,0.595,0.57,0.5,0.4,0.4
"2020HILL.4",0,0,0,0.17,0.295,0.26,0.26,0.26,NA,0.35,0.35,0.35,NA,NA,NA,NA,NA,NA,NA,NA,NA,NA,NA,NA,NA,0.48,0.48,0.48,NA,NA,0.34,0.275,0.425,0.425,0.425,0.34,0.3,0.365,0.375,0.375,0.385,0.415,0.43,0.405,0.4,0.36,0.375,0.35,0.35,0.375,0.425,0.43,0.54,0.54,0.54,NA,NA,NA,NA,NA,NA,NA,NA,NA,NA,NA,NA,0.465,0.465,0.39,0.39,0.405,0.45,0.5,0.49,0.49,0.48,0.455,0.455,0.455,0.54
"2020HILL.5",0,0,0,NA,NA,NA,NA,NA,0.015,0.045,0.065,0.21,0.26,0.235,0.25,0.31,0.31,0.335,0.44,0.605,0.915,1.005,1.005,1.005,0.995,0.995,0.955,0.94,0.875,0.84,0.76,0.71,0.72,0.59,0.54,0.48,0.465,0.45,0.505,0.745,0.77,0.775,0.7,0.66,0.655,0.61,0.3,0.3,0.3,NA,NA,NA,NA,NA,NA,NA,NA,NA,NA,NA,NA,NA,NA,NA,NA,NA,NA,0.225,0.225,0.315,0.4,0.43,0.475,0.52,0.52,0.515,0.455,0.455,0.455,NA,0.36
"2020HILL.6",0.055,0.055,0.095,0.095,0.12,0.13,0.135,0.145,0.135,0.12,0.13,0.155,0.18,0.285,0.335,0.52,0.595,0.61,0.68,0.475,0.475,0.475,0.72,0.76,0.76,0.785,0.785,0.725,0.645,0.67,0.63,0.5,0.5,0.39,0.39,0.39,0.365,0.335,0.36,0.375,0.39,0.39,0.375,0.375,0.43,0.425,0.45,0.43,0.415,0.39,0.375,0.39,0.4,0.35,0.275,0.285,0.26,0.235,0.25,0.275,0.285,0.27,0.285,0.275,0.25,0.26,0.39,0.49,0.515,0.515,0.455,0.385,0.335,0.335,0.415,0.53,0.54,0.545,0.565,0.53,0.49
"2020HILL.7",0.09,0.18,0.22,0.22,0.16,0.16,0.12,0.12,0.115,0.08,0.07,0.065,0.12,0.12,0.35,0.68,0.735,0.79,0.81,0.9,0.975,0.98,0.9,0.645,0.9,0.9,0.9,0.865,0.77,0.77,0.77,0.72,0.72,0.695,0.7,0.875,0.825,0.835,0.835,0.835,0.76,0.67,0.695,0.67,0.67,0.655,0.63,0.63,0.68,0.745,0.695,0.85,0.98,0.99,0.635,0.635,0.635,NA,NA,NA,NA,NA,NA,NA,NA,NA,NA,NA,NA,0.61,0.605,0.66,0.66,0.655,0.66,0.67,0.67,0.645,0.66,0.685,0.66
"2020HILL.8",0.545,0.545,0.545,NA,0.515,0.515,0.49,0.49,0.49,0.21,0.21,0.21,NA,0.17,0.195,0.195,0.17,0.17,0.17,NA,NA,NA,NA,0.335,0.4,0.375,0.385,0.4,0.36,0.45,0.45,0.505,0.505,0.52,0.53,0.54,0.545,0.54,0.565,0.565,0.57,0.58,0.605,0.66,0.645,0.645,0.645,0.415,0.48,0.48,0.67,0.53,0.53,0.53,NA,NA,NA,NA,NA,NA,NA,NA,NA,NA,NA,NA,NA,NA,NA,NA,NA,NA,NA,NA,NA,0.31,0.31,0.31,NA,NA,NA
"2020HILL.9",0.09,0.095,0.13,0.135,0.145,0.185,0.35,0.35,0.465,0.57,0.62,0.61,0.61,0.655,0.75,0.815,0.835,0.81,0.825,0.8,0.85,0.865,0.94,0.905,0.865,0.825,0.825,0.68,0.68,0.545,0.325,0.325,0.325,NA,NA,NA,NA,NA,NA,NA,NA,NA,NA,0.465,0.4,0.4,0.4,0.45,0.505,0.505,0.52,0.52,0.52,0.49,0.43,0.35,0.325,0.39,0.39,0.425,0.465,0.455,0.49,0.49,0.515,0.505,0.545,0.545,0.58,0.63,0.67,0.685,0.71,0.735,0.8,0.775,0.77,0.735,0.75,0.76,0.81
"2020HILL.10",0.035,0.205,0.25,0.25,0.34,0.425,0.315,0.315,0.315,NA,NA,NA,NA,NA,NA,NA,NA,NA,NA,NA,0.93,0.93,0.915,0.915,0.85,0.76,0.7,0.63,0.72,0.89,0.865,0.775,0.79,0.865,0.61,0.61,0.905,0.905,0.735,0.735,0.71,0.71,0.68,0.63,0.63,0.57,0.57,0.565,0.565,0.555,0.605,0.605,0.595,0.555,0.515,0.45,0.44,0.44,0.465,0.515,0.62,0.57,0.505,0.505,0.455,0.455,0.455,0.465,0.54,0.595,0.655,0.655,0.62,0.595,0.635,0.68,0.7,0.72,0.745,0.76,0.77
"2020HILL.11",0,0,0,NA,0.005,0.015,0.025,0.025,0.065,0.145,1.45,1.38,1.38,1.38,NA,NA,NA,NA,NA,NA,NA,NA,0.66,0.66,0.66,NA,0.43,0.425,0.555,0.72,0.785,0.81,0.8,0.72,0.58,0.655,0.725,0.85,0.955,1.145,1.175,1.195,1.325,1.34,1.365,1.335,1.12,1.12,1.085,1.135,1.145,1.12,0.95,0.925,0.825,0.785,0.835,0.925,0.98,0.905,0.905,0.72,0.72,0.53,0.53,0.555,0.5,0.545,0.555,0.58,0.605,0.565,0.54,0.54,0.545,0.54,0.54,0.505,0.475,0.44,4.42
"2021CONT.1",0,0.03,0.545,0.745,0.745,1.195,1.195,1.22,1.175,1.175,1.135,1.045,1.045,1.015,0.995,0.965,0.965,0.875,0.84,0.77,0.77,0.67,0.67,0.67,0.515,0.52,0.465,0.4,0.52,0.54,0.515,0.5,0.48,0.475,0.61,0.58,0.52,0.385,0.39,0.365,0.31,0.285,0.31,0.39,0.405,0.44,0.44,0.45,0.505,0.54,0.515,0.475,0.375,0.31,0.31,0.335,0.35,0.385,0.39,0.405,0.5,0.53,0.555,0.62,0.645,0.62,0.565,0.52,0.54,0.565,0.58,0.58,0.505,0.5,0.465,0.5,0.5,0.465,0.45,0.465,0.475
"2021CONT.2",0.07,0.185,0.185,1.005,1.005,1.04,1.07,1.02,1.005,0.955,0.94,1.095,1.185,1.155,1.11,1.105,0.98,0.84,0.85,0.85,0.875,0.875,0.89,0.88,0.825,0.75,0.745,0.725,0.7,0.66,0.63,0.61,0.67,0.7,0.72,0.685,0.66,0.72,0.72,0.75,0.745,0.77,0.725,0.66,0.62,0.63,0.63,0.66,0.59,0.5,0.39,0.31,0.245,0.195,0.22,0.26,0.325,0.325,0.365,0.365,0.325,0.385,0.43,0.43,0.48,0.545,0.545,0.52,0.52,0.53,0.465,0.425,0.405,0.415,0.365,0.385,0.465,0.515,0.53,0.515,0.48
"2021CONT.3",0.095,0.095,0.225,0.225,0.26,0.31,0.335,0.295,0.39,0.94,1.105,1.175,1.21,1.17,1.2,1.12,1.07,1.03,0.915,0.875,0.88,0.88,0.835,0.835,0.71,0.645,0.555,0.555,0.565,0.565,0.72,0.825,0.825,0.745,0.785,1.015,1.045,0.995,1.08,1.03,0.995,0.995,0.915,0.725,0.695,0.7,0.85,1.015,0.93,0.79,0.67,0.62,0.63,0.555,0.59,0.555,0.57,0.57,0.465,0.62,0.905,0.905,0.915,0.785,0.7,0.7,0.685,0.58,0.48,0.58,0.67,0.745,0.775,0.79,0.825,0.785,0.815,0.925,0.94,0.925,0.865
"2021CONT.4",0.95,1.17,1.425,1.425,1.44,1.44,1.39,1.39,1.375,1.22,1.225,1.225,1.21,1.225,1.22,1.245,1.265,1.25,1.21,1.21,1.185,1.185,1.085,1.085,1.055,1.055,1.015,0.93,0.88,0.93,0.975,1.005,0.995,0.975,0.89,0.905,0.95,0.905,0.925,0.915,0.93,0.865,0.835,0.77,0.68,0.655,0.59,0.645,0.72,0.67,0.775,0.79,0.695,0.63,0.61,0.61,0.62,0.735,0.735,0.8,0.825,0.785,0.725,0.66,0.66,0.63,0.59,0.425,0.425,0.335,0.335,0.39,0.39,0.4,0.43,0.425,0.4,0.375,0.325,0.285,0.285
"2021CONT.5",0.86,1.03,1.25,1.495,1.605,1.635,1.585,1.425,1.425,1.39,1.29,1.195,1.13,0.975,0.93,0.865,0.93,0.995,0.955,0.975,0.86,0.86,0.695,0.695,0.685,0.63,0.605,0.605,0.63,0.655,0.68,0.62,0.53,0.44,0.405,0.375,0.34,0.34,0.235,0.375,0.35,0.385,0.54,0.77,0.835,0.81,0.72,0.785,0.66,0.61,0.635,0.865,0.95,0.94,0.835,0.76,0.825,0.88,0.915,0.955,0.865,0.8,0.66,0.63,0.565,0.565,0.565,0.595,0.62,0.565,0.555,0.545,0.52,0.515,0.515,0.5,0.48,0.48,0.545,0.57,0.645
"2021CONT.6",0.61,1.175,1.175,1.275,1.245,1.34,1.34,1.29,1.325,1.315,1.31,1.29,1.225,1.145,1.135,0.995,0.99,0.925,0.84,0.865,0.86,0.785,0.785,0.81,0.8,0.79,0.77,0.775,0.745,0.75,0.8,0.9,0.915,0.76,0.695,0.66,0.635,0.595,0.54,0.515,0.58,0.545,0.475,0.365,0.315,0.35,0.325,0.34,0.365,0.44,0.49,0.54,0.655,0.785,0.94,0.98,0.915,0.81,0.75,0.905,0.93,0.875,0.735,0.635,0.72,0.75,0.735,0.635,0.59,0.53,0.5,0.45,0.385,0.39,0.39,0.39,0.4,0.39,0.365,0.36,0.34
"2021CONT.7",0.415,0.89,1.04,1.12,1.135,1.285,1.335,1.36,1.325,1.36,1.38,1.35,1.285,1.12,0.98,0.9,0.93,0.89,0.79,0.77,0.71,0.72,0.635,0.68,0.67,0.645,0.7,0.635,0.565,0.5,0.545,0.545,0.545,0.505,0.505,0.34,0.25,0.285,0.44,0.61,0.67,0.655,0.595,0.58,0.565,0.695,0.75,0.75,0.725,0.71,0.7,0.67,0.59,0.54,0.52,0.57,0.76,0.76,0.745,0.71,0.61,0.57,0.515,0.545,0.57,0.545,0.67,0.7,0.695,0.68,0.655,0.62,0.645,0.695,0.75,0.745,0.725,0.67,0.62,0.53,0.5
"2021CONT.8",1.235,1.235,1.26,1.26,1.365,1.225,1.185,1.185,1.12,1.12,1.12,NA,1.055,1.055,1.02,1.02,0.88,0.85,0.76,0.725,0.725,0.66,0.63,0.62,0.635,0.565,0.545,0.515,0.5,0.49,0.48,0.5,0.565,0.79,0.8,0.71,0.71,0.655,0.67,0.76,0.725,0.67,0.645,0.66,0.7,0.79,0.94,0.995,1.055,1.02,1.005,1.235,1.365,1.54,1.505,1.4,1.3,1.4,1.43,1.315,1.2,1.015,1.03,1.16,1.3,1.26,1.235,1.31,1.265,1.21,1.185,1.095,1.105,1.095,1.105,0.965,1.095,1.135,1.16,1.2,1.2
"2021CONT.9",0.94,0.94,0.995,1.08,1.375,1.47,1.48,1.48,1.38,1.36,1.335,1.39,1.39,1.455,1.48,1.3,1.225,1.195,1.055,1.015,0.85,0.875,0.84,0.835,0.865,0.725,0.685,0.62,0.555,0.555,0.63,0.62,0.505,0.465,0.475,0.415,0.405,0.515,0.43,0.465,0.465,0.68,0.68,0.68,NA,NA,NA,NA,NA,NA,NA,NA,NA,NA,0.595,1.285,1.265,1.22,1.22,1.29,1.4,1.39,1.365,1.21,1.21,0.93,0.79,0.775,0.85,0.99,1.07,1.03,0.955,0.865,0.775,0.745,0.745,0.72,0.71,0.695,0.68
"2021CONT.10",0.635,1.145,1.415,1.4,1.545,1.545,1.545,1.515,1.515,1.495,1.455,1.335,1.275,1.185,1.105,1.03,1.015,1.015,0.995,0.98,0.9,0.925,0.93,0.915,0.94,0.975,0.975,0.95,0.99,0.98,0.905,0.875,0.725,0.605,0.555,0.505,0.45,0.365,0.455,0.545,0.57,0.62,0.75,0.775,0.81,0.865,0.785,0.71,0.71,0.775,0.785,0.725,0.86,0.88,0.98,0.99,0.925,0.84,0.77,1.02,1.12,1.105,1.08,0.975,0.875,0.9,0.89,0.88,0.835,0.735,0.655,0.595,0.58,0.63,0.67,0.695,0.71,0.695,0.505,0.505,0.605
"2021CONT.11",0.695,1.26,1.75,1.75,1.75,NA,1.425,1.35,1.3,1.3,1.25,1.26,1.245,1.25,1.265,1.225,1.22,1.235,1.065,1.02,0.975,0.925,0.93,0.84,0.8,0.645,0.595,0.565,0.58,0.54,0.595,0.59,0.58,0.61,0.635,0.75,0.62,0.545,0.7,0.76,0.79,0.8,0.865,0.88,0.95,0.925,0.735,0.63,0.63,0.76,0.76,1.22,1.22,1.21,1.12,1.085,1.03,0.995,1.005,1.055,1.065,0.94,0.955,0.99,0.95,0.95,0.775,0.775,0.775,0.605,0.605,0.49,0.45,0.48,0.5,0.52,0.57,0.57,0.545,0.5,0.505
"2021EXCL.1",0.52,0.52,0.52,0.8,0.8,0.815,0.815,0.815,NA,NA,0.86,0.86,0.86,0.89,0.93,0.875,0.865,0.84,0.85,0.84,0.9,0.89,0.88,0.925,0.925,0.925,0.815,0.815,0.815,NA,0.545,0.545,0.545,0.695,0.77,0.915,0.875,0.725,0.9,0.915,0.88,0.905,1.015,1.015,1.015,1.08,1.08,1.02,1.175,1.335,1.335,1.25,1.25,1.245,1.325,1.49,1.49,1.25,1.25,1.13,1.12,1.13,1.16,1.08,1.08,1.155,1.22,1.26,1.26,1.195,1.195,1.045,1.085,1.13,1.17,1.195,1.22,1.16,1.16,1.135,1.11
"2021EXCL.2",0.7,0.7,0.79,0.84,0.865,0.925,1.02,1.07,1.07,1.17,1.17,1.17,NA,NA,1.07,0.77,0.77,0.45,0.45,0.45,NA,NA,NA,NA,NA,NA,NA,NA,NA,0.455,0.67,0.67,1.005,1.17,1.17,1.235,1.235,1.155,1.155,1.155,1.145,1.265,1.3,1.265,1.12,1.085,1.085,1.085,NA,NA,NA,NA,NA,NA,NA,1.185,1.235,1.16,1.055,1.055,0.99,1.015,1.08,1.015,0.84,0.84,0.76,0.76,0.72,0.58,0.635,0.685,0.71,0.72,0.72,0.695,0.695,0.7,0.71,0.72,0.725
"2021EXCL.3",0.295,0.415,0.505,0.505,0.53,0.515,0.555,0.635,0.66,0.79,0.81,0.89,0.915,0.88,1.065,1.12,1.08,1.08,1.08,1.045,0.995,0.725,0.725,0.725,0.655,0.655,0.655,0.61,0.61,0.61,0.645,0.49,0.49,0.49,0.43,0.43,0.45,0.475,0.455,0.455,0.425,0.425,0.31,0.26,0.405,0.405,0.4,0.4,0.36,0.36,0.325,0.4,0.48,0.545,0.635,0.605,0.545,0.645,0.7,0.745,0.735,0.725,0.745,0.76,0.88,1.02,1.045,1.2,1.36,1.35,1.3,1.29,1.21,1.17,1.335,1.515,1.52,1.52,1.49,1.47,1.425
"2021EXCL.4",0.325,0.325,0.43,0.48,0.48,0.43,0.63,0.63,0.63,0.645,0.645,0.865,0.865,0.875,0.875,0.875,0.865,0.88,0.915,0.9,0.89,0.85,0.775,0.68,0.68,0.565,0.54,0.54,0.48,0.48,0.48,0.4,0.4,0.285,0.35,0.375,0.36,0.36,0.365,0.375,0.39,0.35,0.35,0.35,0.815,0.815,0.835,0.965,0.965,0.965,NA,0.99,0.735,0.745,0.735,0.825,0.86,0.89,0.905,0.775,0.775,0.595,0.595,0.49,0.595,0.595,0.515,0.515,0.425,0.385,0.36,0.405,0.465,0.57,0.605,0.63,0.745,0.745,0.785,0.775,0.725
"2021EXCL.5",0.09,0.09,0.09,0.325,0.635,0.635,0.58,0.58,0.67,0.67,0.67,NA,NA,NA,NA,NA,NA,0.61,0.57,0.545,0.76,0.76,0.76,0.645,0.645,0.57,0.67,0.63,0.63,0.63,NA,0.635,0.635,0.635,NA,0.655,0.68,0.635,0.63,0.66,0.76,0.81,0.785,0.865,0.9,0.95,0.94,0.9,0.835,0.825,0.825,0.68,0.68,0.68,NA,NA,0.635,0.545,0.5,0.5,0.455,0.515,0.595,0.595,0.595,NA,0.63,0.67,0.76,0.76,0.76,0.71,0.71,0.68,0.72,0.75,0.735,0.685,0.72,0.785,0.88
"2021EXCL.6",0.36,0.36,0.52,0.655,0.71,0.745,0.77,0.88,0.88,0.94,0.875,0.865,0.905,0.93,0.9,0.905,0.93,0.995,0.98,0.93,0.925,0.925,0.925,0.93,0.905,0.905,0.915,0.88,0.8,0.815,0.825,0.77,0.785,0.825,0.825,0.815,0.785,0.77,0.775,0.77,0.79,0.71,0.71,0.72,0.815,0.875,0.835,0.815,0.825,0.825,0.725,0.725,0.595,0.635,0.725,0.81,0.815,0.745,0.745,0.62,0.62,0.49,0.545,0.605,0.725,0.85,0.905,0.875,0.85,0.825,0.93,1.16,1.145,1.005,0.965,0.905,0.865,0.81,0.71,0.725,0.75
"2021EXCL.7",0.475,0.475,0.635,0.635,0.685,0.71,0.655,0.655,0.655,NA,0.4,0.4,0.4,NA,NA,0.63,0.63,0.77,0.85,0.85,0.85,0.68,0.68,0.66,0.645,0.7,0.67,0.67,0.67,NA,0.685,0.595,0.34,0.34,0.34,NA,NA,0.405,0.44,0.455,0.5,0.5,0.5,0.7,0.7,0.7,NA,0.68,0.68,0.66,0.695,0.745,0.72,0.8,0.745,0.745,0.71,0.515,0.515,0.515,0.655,0.695,0.695,0.655,0.605,0.595,0.745,0.81,0.775,0.685,0.61,0.545,0.565,0.59,0.58,0.595,0.555,0.49,0.5,0.57,0.635
"2021EXCL.8",0.365,0.365,0.475,0.52,0.57,0.63,0.725,0.75,0.76,0.905,0.9,0.8,0.84,0.815,0.81,0.85,0.865,0.835,0.86,0.875,0.85,0.8,0.775,0.745,0.68,0.595,0.63,0.68,0.63,0.555,0.59,0.59,0.52,0.505,0.565,0.565,0.565,0.53,0.475,0.44,0.44,0.43,0.44,0.45,0.5,0.57,0.57,0.53,0.53,0.61,0.66,0.71,0.825,0.86,0.89,0.915,1.03,1.12,1.185,1.045,1.22,1.2,1.195,1.2,1.175,1.235,1.195,1.155,1.135,1.155,1.21,1.4,1.465,1.455,1.455,1.465,1.4,1.285,1.11,0.95,0.9
"2021EXCL.9",0.34,0.375,0.4,0.44,0.565,0.7,0.77,0.8,0.88,0.865,0.775,0.735,0.685,0.63,0.595,0.58,0.61,0.61,0.63,0.66,0.635,0.595,0.58,0.565,0.645,0.66,0.62,0.53,0.5,0.475,0.465,0.48,0.44,0.405,0.44,0.54,0.58,0.58,0.555,0.555,0.57,0.63,0.9,0.94,0.93,0.915,0.84,0.76,0.76,0.75,0.655,0.53,0.465,0.53,0.465,0.62,0.62,0.8,0.9,0.725,0.725,0.605,0.605,0.605,0.71,0.81,0.84,0.88,0.9,0.915,0.965,0.955,0.95,0.98,1.045,0.995,0.915,0.88,0.9,0.965,0.99
"2021EXCL.10",0.295,0.505,0.52,0.52,0.52,NA,1.145,1.145,1.145,NA,NA,NA,1.175,1.175,1.005,1.005,1.005,NA,NA,NA,NA,NA,NA,0.905,0.89,0.89,0.875,0.88,0.88,0.76,0.68,0.71,0.71,0.71,NA,0.63,0.63,0.63,NA,0.49,0.61,0.61,0.61,NA,NA,NA,NA,NA,NA,0.71,0.825,0.89,0.965,0.95,0.865,0.88,0.875,0.9,0.85,0.71,0.655,0.7,0.67,0.67,0.84,0.89,0.84,0.835,0.815,0.79,0.745,0.745,0.645,0.7,0.865,0.93,0.84,0.84,0.72,0.825,0.865
"2021EXCL.11",0.315,0.4,0.48,0.48,0.405,0.45,0.57,0.57,0.605,0.605,0.695,0.72,0.76,0.76,0.76,0.89,0.915,0.955,1.065,1.065,1.055,1.03,1.03,1.03,0.995,1.245,1.45,1.43,1.43,1.315,0.905,0.905,0.905,0.85,0.8,0.685,0.685,0.72,0.7,0.7,0.86,0.86,0.86,0.88,0.88,0.85,0.925,0.965,1.22,1.105,1.105,0.84,0.84,0.785,0.695,0.61,0.58,0.57,0.58,0.685,0.86,0.88,0.915,0.905,0.905,0.975,1.03,0.995,0.98,1.145,1.155,1.12,1.055,1.045,1.055,0.88,0.85,0.835,0.9,0.93,0.965
"2022CONT.1",0.16,0.16,0.27,0.8,1.045,1.02,1.095,1.245,1.405,1.405,1.45,1.45,1.45,NA,1.465,1.43,1.49,1.44,1.39,1.39,1.275,1.185,1.045,0.925,0.79,0.7,0.655,0.645,0.5,0.48,0.44,0.415,0.415,0.43,0.54,0.635,0.565,0.565,0.565,NA,0.375,0.375,0.375,0.145,0.135,0.185,0.205,0.225,0.35,0.44,0.54,0.62,0.695,0.735,0.825,0.85,0.88,0.9,0.865,0.85,0.875,0.86,0.775,0.75,0.745,0.79,0.825,0.785,0.81,0.76,0.76,0.775,0.775,0.775,0.655,0.62,0.99,1.08,1.065,1.065,0.94
"2022CONT.2",1.53,1.365,1.66,1.58,1.58,1.58,1.005,1.005,1.005,0.725,0.725,0.725,NA,NA,NA,NA,NA,NA,NA,NA,NA,NA,NA,NA,NA,NA,0.75,0.77,0.77,0.75,0.72,0.725,0.685,0.61,0.565,0.595,0.63,0.61,0.45,0.4,0.325,0.34,0.365,0.455,0.45,0.45,0.405,0.25,0.275,0.365,0.44,0.375,0.405,0.44,0.405,0.3,0.31,0.43,0.5,0.505,0.505,0.5,0.66,0.66,0.66,NA,NA,NA,NA,NA,NA,NA,NA,0.685,0.67,0.605,0.605,0.57,0.605,0.53,0.475
"2022CONT.3",0.735,1.265,1.365,1.405,1.155,1.465,1.505,1.58,1.57,1.57,1.57,1.325,1.08,1.03,1.04,0.965,0.865,0.93,0.865,0.84,0.84,0.81,0.745,0.685,0.635,0.735,0.86,0.865,0.835,0.79,0.76,0.67,0.71,0.685,0.635,0.545,0.43,0.565,0.595,0.59,0.595,0.52,0.545,0.645,0.635,0.645,0.61,0.63,0.785,0.865,0.86,0.835,0.745,0.7,0.735,0.75,0.725,0.71,0.68,0.63,0.605,0.505,0.5,0.57,0.68,0.725,0.775,0.745,0.72,0.68,0.645,0.635,0.68,0.72,0.71,0.66,0.605,0.68,0.76,0.72,0.7
"2022CONT.4",0.325,1.095,1.71,1.71,1.71,1.56,1.56,1.315,1.9,1.9,1.88,1.835,1.79,1.71,1.58,1.48,1.48,1.235,1.21,0.975,0.975,0.975,0.865,0.865,0.865,NA,0.88,0.67,0.67,0.67,NA,NA,0.595,0.71,0.685,0.685,0.565,0.475,0.415,0.405,0.405,0.415,0.415,0.44,0.49,0.505,0.505,0.48,0.455,0.45,0.465,0.43,0.425,0.425,0.475,0.48,0.465,0.475,0.505,0.555,0.58,0.62,0.81,0.89,1.015,1.005,1.005,1.005,NA,NA,NA,NA,NA,NA,NA,1.045,0.995,0.93,0.865,1.085,1.085
"2022CONT.5",0.815,1.12,1.75,1.75,1.75,NA,1.08,1.375,1.375,1.195,1.13,1.12,1.12,1.145,1.085,1.04,0.89,0.89,0.89,0.9,0.9,0.835,0.84,0.79,0.79,0.785,0.8,0.785,0.725,0.67,0.59,0.57,0.54,0.465,0.45,0.48,0.48,0.5,0.545,0.58,0.53,0.515,0.57,0.565,0.54,0.45,0.415,0.375,0.365,0.35,0.325,0.35,0.39,0.475,0.52,0.52,0.515,0.465,0.35,0.31,0.475,0.53,0.595,0.595,0.555,0.545,0.515,0.565,0.68,0.695,0.7,0.685,0.685,0.75,0.81,0.835,0.79,0.79,0.725,0.695,0.67
"2022CONT.6",1.055,1.38,1.54,1.335,1.335,1.335,1.35,1.35,1.225,1.245,1.29,1.29,1.265,1.185,1.11,1.04,0.955,0.53,0.53,0.53,NA,NA,NA,NA,NA,NA,NA,NA,NA,NA,NA,NA,NA,NA,NA,0.48,0.465,0.605,0.605,0.53,0.49,0.465,0.4,0.36,0.325,0.385,0.4,0.405,0.4,0.36,0.36,0.335,0.405,0.52,0.54,0.565,0.545,0.54,0.53,0.5,0.415,0.425,0.415,0.405,0.36,0.36,0.27,0.185,0.16,0.31,0.685,0.745,0.79,0.81,0.955,0.995,0.995,0.94,0.925,1.015,1.21
"2022CONT.7",0.785,1.76,2.135,2.135,2.085,2.2,2.38,2.38,1.88,1.88,2.125,1.84,1.84,1.235,1.235,1.235,1.17,1.17,1.17,1.055,1.03,0.85,0.79,0.79,0.81,0.89,0.93,0.93,0.655,0.655,0.655,NA,0.66,0.66,0.66,NA,NA,NA,NA,NA,NA,0.68,0.775,0.84,0.835,0.79,0.745,0.72,0.71,0.685,0.7,0.685,0.645,0.62,0.59,0.57,0.62,0.71,0.76,0.785,0.81,0.835,0.88,0.85,0.86,0.915,0.86,0.81,0.965,1.005,0.99,0.93,0.925,0.955,0.975,0.905,0.84,0.735,0.71,0.68,0.875
"2022CONT.8",0.635,0.635,1.48,1.605,1.765,2.005,1.88,2.315,2.39,2.56,2.555,2.3,2.12,2.055,1.94,1.825,1.645,1.645,1.245,1.175,1.16,1.135,1.105,0.86,0.875,0.785,0.775,0.71,0.72,0.8,0.725,0.725,0.58,0.515,0.505,0.66,0.77,0.775,0.815,0.76,0.685,0.685,0.7,0.695,0.62,0.52,0.54,0.77,0.825,0.865,0.835,0.76,0.71,0.59,0.5,0.405,0.465,0.52,0.655,0.68,0.695,0.725,0.75,0.71,0.61,0.595,0.515,0.44,0.415,0.44,0.58,0.695,0.66,0.72,0.79,0.835,0.775,0.685,0.61,0.59,0.605
"2022CONT.9",0.425,0.67,1.285,1.52,1.58,1.605,1.735,2.15,2.29,1.48,1.48,1.48,1.425,1.38,1.335,1.335,1.25,1.13,1.095,1.03,0.99,0.965,0.955,0.825,0.88,0.915,0.94,1.03,1.07,0.995,0.89,0.875,0.955,0.905,0.86,0.66,0.695,0.88,0.825,0.815,0.84,0.76,0.645,0.68,0.785,0.77,0.75,0.7,0.68,0.71,0.835,0.875,0.84,0.75,0.71,0.61,0.67,0.775,0.8,0.825,0.865,1.005,1.02,0.99,0.95,0.955,0.975,0.94,0.98,0.965,0.89,0.9,0.975,1.015,1.02,1.005,0.975,0.915,0.915,0.95,0.93
"2022CONT.10",0.605,0.605,0.955,1.195,1.29,1.725,2.11,2.07,1.94,2.06,2.08,2.105,2.085,1.905,1.785,1.735,1.62,1.53,1.29,1.195,1.155,1.155,0.94,0.955,0.98,0.89,0.955,0.94,0.75,0.565,0.605,0.635,0.695,0.63,0.58,0.63,0.595,0.52,0.39,0.35,0.48,0.565,0.635,0.68,0.725,0.71,0.52,0.52,0.58,0.59,0.605,0.68,0.645,0.66,0.695,0.71,0.785,0.775,0.77,0.725,0.655,0.605,0.685,0.66,0.75,0.79,0.775,0.735,0.645,0.605,0.565,0.595,0.555,0.565,0.67,0.685,0.695,0.8,0.775,0.685,0.685
"2022CONT.11",1.75,1.75,1.65,1.825,1.85,1.71,1.84,1.855,1.855,1.775,1.66,1.415,1.3,1.185,1.185,1.17,1.07,1.045,0.925,0.93,0.84,0.85,0.8,0.94,0.88,0.865,0.7,0.63,0.695,0.72,0.685,0.63,0.63,0.655,0.685,0.72,0.71,0.72,0.815,0.8,0.79,0.76,0.745,0.67,0.71,0.72,0.685,0.71,0.695,0.725,0.68,0.62,0.63,0.72,0.76,0.77,0.75,0.825,0.865,0.85,0.875,0.94,0.925,0.865,0.84,0.735,0.695,0.735,0.93,1.02,0.995,1.02,1.015,0.8,0.76,0.9,1.015,1.04,1.02,0.965,0.865
"2022EXCL.1",0.3,0.49,0.49,0.49,NA,0.545,0.545,0.45,0.385,0.45,0.465,0.475,0.425,0.455,0.455,0.44,0.405,0.415,0.44,0.5,0.515,0.605,0.62,0.685,0.695,0.79,0.825,0.825,0.825,0.8,0.81,0.825,0.79,0.79,0.76,0.745,0.645,0.655,0.655,0.66,0.815,0.865,0.9,0.86,0.85,0.84,0.84,0.85,0.85,0.84,0.835,0.85,0.76,0.7,0.515,0.49,0.505,0.52,0.545,0.58,0.59,0.53,0.455,0.4,0.415,0.465,0.57,0.58,0.505,0.515,0.54,0.545,0.545,0.505,0.455,0.43,0.43,0.43,0.45,0.54,0.565
"2022EXCL.2",0.7,0.88,0.89,0.89,0.89,NA,0.66,0.565,0.555,0.67,0.58,0.545,0.505,0.49,0.49,0.565,0.545,0.515,0.58,0.62,0.645,0.725,0.76,0.75,0.745,0.645,0.63,0.63,0.68,0.745,0.77,0.77,0.75,0.735,0.59,0.53,0.52,0.53,0.53,0.385,0.385,0.365,0.34,0.335,0.31,0.335,0.335,0.335,0.27,0.285,0.35,0.36,0.455,0.505,0.59,0.605,0.635,0.68,0.67,0.68,0.68,0.695,0.71,0.695,0.645,0.555,0.53,0.53,0.53,NA,0.605,0.605,0.595,0.605,0.63,0.635,0.655,0.71,0.75,0.775,0.775
"2022EXCL.3",0.315,0.315,0.48,0.48,0.45,0.465,0.465,0.43,0.415,0.405,0.505,0.635,0.66,0.655,0.645,0.63,0.685,0.635,0.61,0.605,0.62,0.645,0.67,0.685,0.645,0.605,0.59,0.58,0.595,0.5,0.44,0.44,0.45,0.515,0.515,0.595,0.61,0.54,0.565,0.58,0.645,0.72,0.785,0.785,0.825,0.835,0.81,0.835,0.825,0.725,0.76,0.76,0.71,0.72,0.725,0.745,0.725,0.695,0.66,0.63,0.555,0.52,0.565,0.58,0.515,0.53,0.57,0.555,0.455,0.39,0.405,0.405,0.4,0.39,0.34,0.3,0.35,0.335,0.36,0.465,0.475
"2022EXCL.4",0.4,0.4,0.59,0.59,0.59,NA,NA,NA,NA,NA,NA,0.63,0.68,0.785,0.775,0.62,0.62,0.605,0.775,0.84,0.84,0.77,0.57,0.57,0.57,NA,0.555,0.59,0.63,0.45,0.45,0.45,NA,0.415,0.4,0.43,0.725,0.8,0.835,0.86,0.825,0.79,0.745,0.745,0.745,0.635,0.475,0.475,0.49,0.48,0.35,0.35,0.315,0.3,0.3,0.3,0.295,0.225,0.235,0.245,0.245,0.245,NA,0.27,0.4,0.4,0.4,NA,0.405,0.66,0.66,0.66,NA,0.605,0.59,0.59,0.61,0.555,0.645,0.645,0.645
"2022EXCL.5",0.555,0.54,0.54,0.54,0.49,0.49,0.505,0.515,0.515,0.505,0.49,0.49,0.49,0.52,0.58,0.59,0.61,0.595,0.58,0.59,0.61,0.685,0.77,0.86,0.875,0.85,0.815,0.815,0.85,0.825,0.76,0.775,0.725,0.645,0.58,0.595,0.58,0.645,0.59,0.59,0.5,0.545,0.605,0.62,0.695,0.735,0.725,0.86,0.84,0.79,0.775,0.785,0.745,0.695,0.695,0.635,0.58,0.63,0.62,0.465,0.36,0.315,0.31,0.36,0.455,0.57,0.58,0.62,0.685,0.72,0.745,0.725,0.84,0.835,0.725,0.68,0.645,0.61,0.565,0.58,0.565
"2022EXCL.6",0.455,0.455,0.455,0.595,0.515,0.505,0.505,0.49,0.475,0.555,0.555,0.57,0.79,0.865,0.965,0.95,0.84,0.84,0.84,NA,0.915,0.915,0.915,NA,NA,0.49,0.49,0.49,NA,NA,NA,NA,NA,NA,NA,NA,NA,NA,NA,NA,NA,0.475,0.53,0.565,0.53,0.685,0.685,0.685,0.71,0.725,0.72,0.735,0.71,0.685,0.67,0.695,0.7,0.71,0.72,0.745,0.98,0.98,1.005,1.005,1.135,1.135,1.135,NA,NA,1.16,1.16,1.155,1.155,1.145,1.03,1.03,1.02,0.975,0.975,0.94,0.925
"2022EXCL.7",0.5,0.57,0.965,0.965,0.965,NA,0.685,0.59,0.725,0.71,0.66,0.605,0.565,0.635,0.685,0.76,0.735,0.835,0.835,0.835,0.71,0.725,0.76,0.77,0.775,0.77,0.76,0.76,0.735,0.735,0.685,0.68,0.645,0.645,0.53,0.405,0.285,0.365,0.475,0.5,0.43,0.425,0.425,0.39,0.385,0.35,0.57,0.57,0.57,NA,NA,NA,NA,NA,NA,NA,0.7,0.785,0.79,0.77,0.81,0.825,0.815,0.925,1.04,1.005,0.94,0.95,0.95,0.95,0.84,0.84,0.81,0.75,0.67,0.63,0.63,0.655,0.67,0.77,0.77
"2022EXCL.8",0.315,0.315,0.4,0.52,0.52,0.48,0.515,0.53,0.58,0.645,0.67,0.685,0.655,0.67,0.695,0.695,0.645,0.62,0.62,0.66,0.75,0.835,0.88,0.865,0.76,0.685,0.67,0.62,0.62,0.67,0.68,0.85,0.86,0.81,0.72,0.565,0.49,0.54,0.605,0.595,0.505,0.48,0.465,0.45,0.385,0.385,0.385,0.48,0.52,0.505,0.505,0.48,0.455,0.455,0.44,0.475,0.44,0.36,0.4,0.415,0.45,0.45,0.45,0.335,0.335,0.335,0.39,0.555,0.59,0.52,0.58,0.605,0.595,0.645,0.68,0.71,0.72,0.59,0.53,0.5,0.52
"2022EXCL.9",0.35,0.35,0.545,0.545,0.545,0.5,0.49,0.515,0.54,0.5,0.54,0.53,0.515,0.515,0.515,0.49,0.48,0.505,0.475,0.43,0.425,0.415,0.405,0.385,0.315,0.295,0.245,0.235,0.285,0.3,0.385,0.53,0.57,0.59,0.555,0.49,0.5,0.455,0.455,0.43,0.44,0.44,0.45,0.565,0.62,0.62,0.67,0.75,0.85,0.875,0.85,0.905,0.975,1.02,0.93,0.925,0.9,0.785,0.8,0.81,0.815,1.005,1.02,1.055,1.155,1.135,1.085,1.105,1.17,1.235,1.095,1.145,1.245,1.315,1.31,1.25,1.02,0.915,0.925,0.89,0.875
"2022EXCL.10",0.63,0.63,0.63,0.62,0.645,0.725,0.72,0.71,0.76,0.76,0.71,0.725,0.725,0.67,0.695,0.71,0.725,0.68,0.68,0.68,0.695,0.695,0.68,0.695,0.695,0.685,0.685,0.57,0.57,0.605,0.66,0.725,0.725,0.735,0.655,0.49,0.49,0.45,0.43,0.455,0.5,0.505,0.515,0.475,0.34,0.425,0.465,0.48,0.5,0.48,0.45,0.49,0.505,0.605,0.72,0.77,0.745,0.745,0.725,0.965,1.105,1.085,1.015,0.99,0.965,0.88,0.835,0.79,0.7,0.7,0.67,0.62,0.62,0.655,0.75,0.86,0.95,0.89,0.9,0.95,0.99
"2022EXCL.11",0.4,0.4,0.475,0.475,0.48,0.48,0.515,0.54,0.57,0.67,0.66,0.66,0.555,0.565,0.54,0.49,0.44,0.4,0.45,0.465,0.475,0.465,0.43,0.465,0.45,0.48,0.455,0.465,0.475,0.515,0.515,0.515,0.58,0.66,0.695,0.695,0.695,0.605,0.775,0.77,0.725,0.645,0.545,0.545,0.545,0.53,0.5,0.43,0.39,0.39,0.43,0.48,0.49,0.49,0.49,NA,0.405,0.385,0.415,0.45,0.545,0.53,0.53,0.53,0.48,0.475,0.54,0.605,0.59,0.54,0.54,0.57,0.59,0.63,0.605,0.63,0.62,0.66,0.68,0.67,0.655
